637 637 637 637 637 637 637 637 637 637 637 637 637 637 637 637 637 637 637 637 637 637 637 637 637 637 637 637 637 637 637 637 637 637 637 637 637 637 637 637 637 637 637 637 637 637 637 637 637 637 637 637 637 637 637 637 637 637 637 637 637 637 637 637 637 637 637 637 637 637 637 637 637 637 637 637 637 637 637 637 637 637 637 637 637 637 637 637 637 637 637 637 637 637 637 637 637 637 637 637 
637 637 637 637 637 637 637 637 637 637 637 637 637 637 637 637 637 637 637 637 637 637 637 637 637 637 637 637 637 637 637 637 637 637 637 637 637 637 637 637 637 637 637 637 637 637 637 637 637 637 637 637 637 637 637 637 637 637 637 637 637 637 637 637 637 637 637 637 637 637 637 637 637 637 637 637 637 637 637 637 637 637 637 637 637 637 637 637 637 637 637 637 637 637 637 637 637 637 637 637 
637 637 637 637 637 637 637 637 637 637 637 637 637 637 637 637 637 637 637 637 637 637 637 637 637 637 637 637 637 637 637 637 637 637 637 637 637 637 637 637 637 637 637 637 637 637 637 637 637 637 637 637 637 637 637 637 637 637 637 637 637 637 637 637 637 637 637 637 637 637 637 637 637 637 637 637 637 637 637 637 637 637 637 637 637 637 637 637 637 637 637 637 637 637 637 637 637 637 637 637 
637 637 637 637 637 637 637 637 637 637 637 637 637 637 637 637 637 637 637 637 637 637 637 637 637 637 637 637 637 637 637 637 637 637 637 637 637 637 637 637 637 637 637 637 637 637 637 637 637 637 637 637 637 637 637 637 637 637 637 637 637 637 637 637 637 637 637 637 637 637 637 637 637 637 637 637 637 637 637 637 637 637 637 637 637 637 637 637 637 637 637 637 637 637 637 637 637 637 637 637 
637 637 637 637 637 637 637 637 637 637 637 637 637 637 637 637 637 637 637 637 637 637 637 637 637 637 637 637 637 637 637 637 637 637 637 637 637 637 637 637 637 637 637 637 637 637 637 637 637 637 637 637 637 637 637 637 637 637 637 637 637 637 637 637 637 637 637 637 637 637 637 637 637 637 637 637 637 637 637 637 637 637 637 637 637 637 637 637 637 637 637 637 637 637 637 637 637 637 637 637 
637 637 637 637 637 637 637 637 637 637 637 637 637 637 637 637 637 637 637 637 637 637 637 637 637 637 637 637 637 637 637 637 637 637 637 637 637 637 637 637 637 637 637 637 637 637 637 637 637 637 637 637 637 637 637 637 637 637 637 637 637 637 637 637 637 637 637 637 637 637 637 637 637 637 637 637 637 637 637 637 637 637 637 637 637 637 637 637 637 637 637 637 637 637 637 637 637 637 637 637 
637 637 637 637 637 637 637 637 637 637 637 637 637 637 637 637 637 637 637 637 637 637 637 637 637 637 637 637 637 637 637 637 637 637 637 637 637 637 637 637 637 637 637 637 637 637 637 637 637 637 637 637 637 637 637 637 637 637 637 637 637 637 637 637 637 637 637 637 637 637 637 637 637 637 637 637 637 637 637 637 637 637 637 637 637 637 637 637 637 637 637 637 637 637 637 637 637 637 637 637 
637 637 637 637 637 637 637 637 637 637 637 637 637 637 637 637 637 637 637 637 637 637 637 637 637 637 637 637 637 637 637 637 637 637 637 637 637 637 637 637 637 637 637 637 637 637 637 637 637 637 637 637 637 637 637 637 637 637 637 637 637 637 637 637 637 637 637 637 637 637 637 637 637 637 637 637 637 637 637 637 637 637 637 637 637 637 637 637 637 637 637 637 637 637 637 637 637 637 637 637 
637 637 637 637 637 637 637 637 637 637 637 637 637 637 637 637 637 637 637 637 637 637 637 637 637 637 637 637 637 637 637 637 637 637 637 637 637 637 637 637 637 637 637 637 637 637 637 637 637 637 637 637 637 637 637 637 637 637 637 637 637 637 637 637 637 637 637 637 637 637 637 637 637 637 637 637 637 637 637 637 637 637 637 637 637 637 637 637 637 637 637 637 637 637 637 637 637 637 637 637 
637 637 637 637 637 637 637 637 637 637 637 637 637 637 637 637 637 637 637 637 637 637 637 637 637 637 637 637 637 637 637 637 637 637 637 637 637 637 637 637 637 637 637 637 637 637 637 637 637 637 637 637 637 637 637 637 637 637 637 637 637 637 637 637 637 637 637 637 637 637 637 637 637 637 637 637 637 637 637 637 637 637 637 637 637 637 637 637 637 637 637 637 637 637 637 637 637 637 637 637 
637 637 637 637 637 637 637 637 637 637 637 637 637 637 637 637 637 637 637 637 637 637 637 637 637 637 637 637 637 637 637 637 637 637 637 637 637 637 637 637 637 637 637 637 637 637 637 637 637 637 637 637 637 637 637 637 637 637 637 637 637 637 637 637 637 637 637 637 637 637 637 637 637 637 637 637 637 637 637 637 637 637 637 637 637 637 637 637 637 637 637 637 637 637 637 637 637 637 637 637 
637 637 637 637 637 637 637 637 637 637 637 637 637 637 637 637 637 637 637 637 637 637 637 637 637 637 637 637 637 637 637 637 637 637 637 637 637 637 637 637 637 637 637 637 637 637 637 637 637 637 637 637 637 637 637 637 637 637 637 637 637 637 637 637 637 637 637 637 637 637 637 637 637 637 637 637 637 637 637 637 637 637 637 637 637 637 637 637 637 637 637 637 637 637 637 637 637 637 637 637 
637 637 637 637 637 637 637 637 637 637 637 637 637 637 637 637 637 637 637 637 637 637 637 637 637 637 637 637 637 637 637 637 637 637 637 637 637 637 637 637 637 637 637 637 637 637 637 637 637 637 637 637 637 637 637 637 637 637 637 637 637 637 637 637 637 637 637 637 637 637 637 637 637 637 637 637 637 637 637 637 637 637 637 637 637 637 637 637 637 637 637 637 637 637 637 637 637 637 637 637 
637 637 637 637 637 637 637 637 637 637 637 637 637 637 637 637 637 637 637 637 637 637 637 637 637 637 637 637 637 637 637 637 637 637 637 637 637 637 637 637 637 637 637 637 637 637 637 637 637 637 637 637 637 637 637 637 637 637 637 637 637 637 637 637 637 637 637 637 637 637 637 637 637 637 637 637 637 637 637 637 637 637 637 637 637 637 637 637 637 637 637 637 637 637 637 637 637 637 637 637 
637 637 637 637 637 637 637 637 637 637 637 637 637 637 637 637 637 637 637 637 637 637 637 637 637 637 637 637 637 637 637 637 637 637 637 637 637 637 637 637 637 637 637 637 637 637 637 637 637 637 637 637 637 637 637 637 637 637 637 637 637 637 637 637 637 637 637 637 637 637 637 637 637 637 637 637 637 637 637 637 637 637 637 637 637 637 637 637 637 637 637 637 637 637 637 637 637 637 637 637 
637 637 637 637 637 637 637 637 637 637 637 637 637 637 637 637 637 637 637 637 637 637 637 637 637 637 637 637 637 637 637 637 637 637 637 637 637 637 637 637 637 637 637 637 637 637 637 637 637 637 637 637 637 637 637 637 637 637 637 637 637 637 637 637 637 637 637 637 637 637 637 637 637 637 637 637 637 637 637 637 637 637 637 637 637 637 637 637 637 637 637 637 637 637 637 637 637 637 637 637 
637 637 637 637 637 637 637 637 637 637 637 637 637 637 637 637 637 637 637 637 637 637 637 637 637 637 637 637 637 637 637 637 637 637 637 637 637 637 637 637 637 637 637 637 637 637 637 637 637 637 637 637 637 637 637 637 637 637 637 637 637 637 637 637 637 637 637 637 637 637 637 637 637 637 637 637 637 637 637 637 637 637 637 637 637 637 637 637 637 637 637 637 637 637 637 637 637 637 637 637 
637 637 637 637 637 637 637 637 637 637 637 637 637 637 637 637 637 637 637 637 637 637 637 637 637 637 637 637 637 637 637 637 637 637 637 637 637 637 637 637 637 637 637 637 637 637 637 637 637 637 637 637 637 637 637 637 637 637 637 637 637 637 637 637 637 637 637 637 637 637 637 637 637 637 637 637 637 637 637 637 637 637 637 637 637 637 637 637 637 637 637 637 637 637 637 637 637 637 637 637 
637 637 637 637 637 637 637 637 637 637 637 637 637 637 637 637 637 637 637 637 637 637 637 637 637 637 637 637 637 637 637 637 637 637 637 637 637 637 637 637 637 637 637 637 637 637 637 637 637 637 637 637 637 637 637 637 637 637 637 637 637 637 637 637 637 637 637 637 637 637 637 637 637 637 637 637 637 637 637 637 637 637 637 637 637 637 637 637 637 637 637 637 637 637 637 637 637 637 637 637 
637 637 637 637 637 637 637 637 637 637 637 637 637 637 637 637 637 637 637 637 637 637 637 637 637 637 637 637 637 637 637 637 637 637 637 637 637 637 637 637 637 637 637 637 637 637 637 637 637 637 637 637 637 637 637 637 637 637 637 637 637 637 637 637 637 637 637 637 637 637 637 637 637 637 637 637 637 637 637 637 637 637 637 637 637 637 637 637 637 637 637 637 637 637 637 637 637 637 637 637 
637 637 637 637 637 637 637 637 637 637 637 637 637 637 637 637 637 637 637 637 637 637 637 637 637 637 637 637 637 637 637 637 637 637 637 637 637 637 637 637 637 637 637 637 637 637 637 637 637 637 637 637 637 637 637 637 637 637 637 637 637 637 637 637 637 637 637 637 637 637 637 637 637 637 637 637 637 637 637 637 637 637 637 637 637 637 637 637 637 637 637 637 637 637 637 637 637 637 637 637 
637 637 637 637 637 637 637 637 637 637 637 637 637 637 637 637 637 637 637 637 637 637 637 637 637 637 637 637 637 637 637 637 637 637 637 637 637 637 637 637 637 637 637 637 637 637 637 637 637 637 637 637 637 637 637 637 637 637 637 637 637 637 637 637 637 637 637 637 637 637 637 637 637 637 637 637 637 637 637 637 637 637 637 637 637 637 637 637 637 637 637 637 637 637 637 637 637 637 637 637 
637 637 637 637 637 637 637 637 637 637 637 637 637 637 637 637 637 637 637 637 637 637 637 637 637 637 637 637 637 637 637 637 637 637 637 637 637 637 637 637 637 637 637 637 637 637 637 637 637 637 637 637 637 637 637 637 637 637 637 637 637 637 637 637 637 637 637 637 637 637 637 637 637 637 637 637 637 637 637 637 637 637 637 637 637 637 637 637 637 637 637 637 637 637 637 637 637 637 637 637 
637 637 637 637 637 637 637 637 637 637 637 637 637 637 637 637 637 637 637 637 637 637 637 637 637 637 637 637 637 637 637 637 637 637 637 637 637 637 637 637 637 637 637 637 637 637 637 637 637 637 637 637 637 637 637 637 637 637 637 637 637 637 637 637 637 637 637 637 637 637 637 637 637 637 637 637 637 637 637 637 637 637 637 637 637 637 637 637 637 637 637 637 637 637 637 637 637 637 637 637 
637 637 637 637 637 637 637 637 637 637 637 637 637 637 637 637 637 637 637 637 637 637 637 637 637 637 637 637 637 637 637 637 637 637 637 637 637 637 637 637 637 637 637 637 637 637 637 637 637 637 637 637 637 637 637 637 637 637 637 637 637 637 637 637 637 637 637 637 637 637 637 637 637 637 637 637 637 637 637 637 637 637 637 637 637 637 637 637 637 637 637 637 637 637 637 637 637 637 637 637 
637 637 637 637 637 637 637 637 637 637 637 637 637 637 637 637 637 637 637 637 637 637 637 637 637 637 637 637 637 637 637 637 637 637 637 637 637 637 637 637 637 637 637 637 637 637 637 637 637 637 637 637 637 637 637 637 637 637 637 637 637 637 637 637 637 637 637 637 637 637 637 637 637 637 637 637 637 637 637 637 637 637 637 637 637 637 637 637 637 637 637 637 637 637 637 637 637 637 637 637 
637 637 637 637 637 637 637 637 637 637 637 637 637 637 637 637 637 637 637 637 637 637 637 637 637 637 637 637 637 637 637 637 637 637 637 637 637 637 637 637 637 637 637 637 637 637 637 637 637 637 637 637 637 637 637 637 637 637 637 637 637 637 637 637 637 637 637 637 637 637 637 637 637 637 637 637 637 637 637 637 637 637 637 637 637 637 637 637 637 637 637 637 637 637 637 637 637 637 637 637 
637 637 637 637 637 637 637 637 637 637 637 637 637 637 637 637 637 637 637 637 637 637 637 637 637 637 637 637 637 637 637 637 637 637 637 637 637 637 637 637 637 637 637 637 637 637 637 637 637 637 637 637 637 637 637 637 637 637 637 637 637 637 637 637 637 637 637 637 637 637 637 637 637 637 637 637 637 637 637 637 637 637 637 637 637 637 637 637 637 637 637 637 637 637 637 637 637 637 637 637 
637 637 637 637 637 637 637 637 637 637 637 637 637 637 637 637 637 637 637 637 637 637 637 637 637 637 637 637 637 637 637 637 637 637 637 637 637 637 637 637 637 637 637 637 637 637 637 637 637 637 637 637 637 637 637 637 637 637 637 637 637 637 637 637 637 637 637 637 637 637 637 637 637 637 637 637 637 637 637 637 637 637 637 637 637 637 637 637 637 637 637 637 637 637 637 637 637 637 637 637 
637 637 637 637 637 637 637 637 637 637 637 637 637 637 637 637 637 637 637 637 637 637 637 637 637 637 637 637 637 637 637 637 637 637 637 637 637 637 637 637 637 637 637 637 637 637 637 637 637 637 637 637 637 637 637 637 637 637 637 637 637 637 637 637 637 637 637 637 637 637 637 637 637 637 637 637 637 637 637 637 637 637 637 637 637 637 637 637 637 637 637 637 637 637 637 637 637 637 637 637 
637 637 637 637 637 637 637 637 637 637 637 637 637 637 637 637 637 637 637 637 637 637 637 637 637 637 637 637 637 637 637 637 637 637 637 637 637 637 637 637 637 637 637 637 637 637 637 637 637 637 637 637 637 637 637 637 637 637 637 637 637 637 637 637 637 637 637 637 637 637 637 637 637 637 637 637 637 637 637 637 637 637 637 637 637 637 637 637 637 637 637 637 637 637 637 637 637 637 637 637 
637 637 637 637 637 637 637 637 637 637 637 637 637 637 637 637 637 637 637 637 637 637 637 637 637 637 637 637 637 637 637 637 637 637 637 637 637 637 637 637 637 637 637 637 637 637 637 637 637 637 637 637 637 637 637 637 637 637 637 637 637 637 637 637 637 637 637 637 637 637 637 637 637 637 637 637 637 637 637 637 637 637 637 637 637 637 637 637 637 637 637 637 637 637 637 637 637 637 637 637 
637 637 637 637 637 637 637 637 637 637 637 637 637 637 637 637 637 637 637 637 637 637 637 637 637 637 637 637 637 637 637 637 637 637 637 637 637 637 637 637 637 637 637 637 637 637 637 637 637 637 637 637 637 637 637 637 637 637 637 637 637 637 637 637 637 637 637 637 637 637 637 637 637 637 637 637 637 637 637 637 637 637 637 637 637 637 637 637 637 637 637 637 637 637 637 637 637 637 637 637 
637 637 637 637 637 637 637 637 637 637 637 637 637 637 637 637 637 637 637 637 637 637 637 637 637 637 637 637 637 637 637 637 637 637 637 637 637 637 637 637 637 637 637 637 637 637 637 637 637 637 637 637 637 637 637 637 637 637 637 637 637 637 637 637 637 637 637 637 637 637 637 637 637 637 637 637 637 637 637 637 637 637 637 637 637 637 637 637 637 637 637 637 637 637 637 637 637 637 637 637 
637 637 637 637 637 637 637 637 637 637 637 637 637 637 637 637 637 637 637 637 637 637 637 637 637 637 637 637 637 637 637 637 637 637 637 637 637 637 637 637 637 637 637 637 637 637 637 637 611 612 612 612 612 612 612 612 612 612 613 637 637 637 637 637 637 637 637 637 637 637 637 637 637 637 637 637 637 637 637 637 637 637 637 637 637 637 637 637 637 637 637 637 637 637 637 637 637 637 637 637 
637 637 637 637 637 637 637 637 637 637 637 637 637 637 637 637 637 637 637 637 637 637 637 637 637 637 637 637 637 637 637 637 637 637 637 637 637 637 637 637 637 637 637 637 637 637 637 611 617 617 617 617 617 617 617 617 617 617 618 637 637 637 637 637 637 637 637 637 637 637 637 637 637 637 637 637 637 637 637 637 637 637 637 637 637 637 637 637 637 637 637 637 637 637 637 637 637 637 637 637 
637 637 637 637 637 637 637 637 637 637 637 637 637 637 637 637 637 637 637 637 637 637 637 637 637 637 637 637 637 637 637 637 637 637 637 637 637 637 637 637 637 637 637 637 637 637 611 617 617 617 617 617 617 617 617 617 617 617 619 613 637 637 637 637 637 637 637 637 637 637 637 637 637 637 637 637 637 637 637 637 637 637 637 637 637 637 637 637 637 637 637 637 637 637 637 637 637 637 637 637 
637 637 637 637 637 637 637 637 637 637 637 637 637 637 637 637 637 637 637 637 637 637 637 637 637 637 637 637 637 637 637 637 637 637 637 637 637 637 637 637 637 637 637 637 637 611 617 617 617 617 617 617 617 617 617 617 617 617 617 618 637 637 637 637 637 637 637 637 637 637 637 637 637 637 637 637 637 637 637 637 637 637 637 637 637 637 637 637 637 637 637 637 637 637 637 637 637 637 637 637 
637 637 637 637 637 637 637 637 637 637 637 637 637 637 637 637 637 637 637 637 637 637 637 637 637 637 637 637 637 637 637 637 637 637 637 637 637 611 612 612 612 612 612 612 612 617 617 617 617 617 617 617 617 617 617 617 617 617 617 618 637 637 637 637 637 637 637 637 637 637 637 637 637 637 637 637 637 637 637 637 637 637 637 637 637 637 637 637 637 637 637 637 637 637 637 637 637 637 637 637 
637 637 637 637 637 637 637 637 637 637 637 637 637 637 637 637 637 637 637 637 637 637 637 637 637 637 637 637 637 637 637 637 637 637 637 637 611 620 617 617 617 617 617 617 617 617 617 617 617 617 617 617 617 617 617 617 617 617 617 619 613 637 637 637 637 637 637 637 637 637 637 637 637 637 637 637 637 637 637 637 637 637 637 637 637 637 637 637 637 637 637 637 637 637 637 637 637 637 637 637 
637 637 637 637 637 637 637 637 637 637 637 637 637 637 637 637 637 637 637 637 637 637 637 637 637 637 637 637 637 637 637 637 637 637 611 612 620 617 617 617 617 617 617 617 617 617 617 617 617 617 617 617 617 617 617 617 617 617 617 617 618 637 637 637 637 637 637 637 637 637 637 637 637 637 637 637 637 637 637 637 637 637 637 637 637 637 637 637 637 637 637 637 637 637 637 637 637 637 637 637 
637 637 637 637 637 637 637 637 637 637 637 637 637 637 637 637 637 637 637 637 637 637 637 637 637 637 637 637 637 637 637 637 637 611 620 617 617 617 617 617 617 617 617 617 617 617 617 617 617 617 617 617 617 617 617 617 617 617 617 617 619 613 637 637 637 637 637 637 637 637 637 637 637 637 611 612 612 612 612 612 612 613 637 637 637 637 637 637 637 637 637 637 637 637 637 637 637 637 637 637 
637 637 637 637 637 637 637 637 637 637 637 637 637 637 637 637 637 637 637 637 637 637 637 637 637 637 637 637 637 637 637 637 637 616 617 617 617 617 617 617 617 617 617 617 617 617 617 617 617 617 617 617 617 617 617 617 617 617 617 617 617 619 613 637 637 637 637 637 637 637 637 637 637 637 616 617 617 617 617 617 617 619 613 637 637 637 637 637 637 637 637 637 637 637 637 637 637 637 637 637 
637 637 637 637 637 637 637 637 637 637 637 637 637 637 637 637 637 637 637 637 637 637 637 637 637 637 637 637 637 637 637 637 611 620 617 617 617 617 617 617 617 617 617 617 617 617 617 617 617 617 617 617 617 617 617 617 617 617 617 617 617 617 619 612 613 637 637 637 637 637 637 637 637 611 620 617 617 617 617 617 617 617 619 613 637 637 637 637 637 637 637 637 637 637 637 637 637 637 637 637 
637 637 637 637 637 637 637 637 637 637 637 637 637 637 637 637 637 637 637 637 637 637 637 637 637 637 637 637 637 637 637 611 620 617 617 617 617 617 617 617 617 617 617 617 617 617 617 617 617 617 617 617 617 617 617 617 617 617 617 617 617 617 617 617 619 612 612 612 612 613 637 637 637 616 617 617 617 617 617 617 617 617 617 619 613 637 637 637 637 637 637 637 637 637 637 637 637 637 637 637 
637 637 637 637 637 637 637 637 637 637 637 637 637 637 637 637 637 637 637 637 637 637 637 637 637 637 637 637 637 637 637 616 617 617 617 617 617 617 617 617 617 617 617 617 617 617 617 617 617 617 617 617 617 617 617 617 617 617 617 617 617 617 617 617 617 617 617 617 617 618 637 637 611 620 617 617 617 617 617 617 617 617 617 617 618 637 637 637 637 637 637 637 637 637 637 637 637 637 637 637 
637 637 637 637 637 637 637 637 637 637 637 637 637 637 637 637 637 637 637 637 637 637 637 637 637 637 637 637 637 637 611 620 617 617 617 617 617 617 617 617 617 617 617 617 617 617 617 617 617 617 617 617 617 617 617 617 617 617 617 617 617 617 617 617 617 617 617 617 614 623 637 637 616 617 617 617 617 617 617 617 617 617 617 617 618 637 637 637 637 637 637 637 637 637 637 637 637 637 637 637 
637 637 637 637 637 637 637 637 637 637 637 637 637 637 637 637 637 637 637 637 637 637 637 637 637 637 637 637 637 611 620 617 617 617 617 617 617 617 617 617 617 617 617 617 617 617 617 617 617 617 617 617 617 617 617 617 617 617 617 617 617 617 617 617 617 617 617 617 618 637 637 611 620 617 617 617 617 617 617 617 617 617 617 617 619 613 637 637 637 637 637 637 637 637 637 637 637 637 637 637 
637 637 637 637 637 637 637 637 637 637 637 637 637 637 637 637 637 637 637 637 637 637 637 637 637 637 637 637 611 620 617 617 617 617 617 617 617 617 617 617 617 617 617 617 617 617 617 617 617 617 617 617 617 617 617 617 617 617 617 617 617 617 617 617 617 617 617 614 623 637 637 616 617 617 617 617 617 617 617 617 617 617 617 617 617 618 637 637 637 637 637 637 637 637 637 637 637 637 637 637 
637 637 637 637 637 637 637 637 637 637 637 637 637 637 637 637 637 637 637 637 637 637 637 637 637 637 611 612 620 617 617 617 617 617 617 617 617 617 617 617 617 617 617 617 617 617 617 617 617 617 617 617 617 617 617 617 617 617 617 617 617 617 617 617 617 617 614 623 637 637 611 620 617 617 617 617 617 617 617 617 617 617 617 617 617 618 637 637 637 637 637 637 637 637 637 637 637 637 637 637 
637 637 637 637 637 637 637 637 637 637 637 637 637 637 637 637 637 637 637 637 637 637 637 637 637 611 620 617 617 617 617 617 617 617 617 617 617 617 617 617 617 617 617 617 617 617 617 617 617 617 617 617 617 617 617 617 617 617 617 617 617 617 617 617 614 622 623 637 637 611 620 617 617 617 617 617 617 617 617 617 617 617 617 617 617 618 637 637 637 637 637 637 637 637 637 637 637 637 637 637 
637 637 637 637 637 637 637 637 637 637 637 637 637 637 637 637 637 637 637 637 637 637 637 637 611 620 617 617 617 617 617 617 617 617 617 617 617 617 617 617 617 617 617 617 617 617 617 617 617 617 617 617 617 617 617 617 617 617 617 617 617 617 617 614 623 637 637 637 611 620 617 617 617 617 617 617 617 617 617 617 617 617 617 617 614 623 637 637 637 637 637 637 637 637 637 637 637 637 637 637 
637 637 637 637 637 637 637 637 637 637 637 637 637 637 637 637 637 637 637 637 637 637 637 611 620 617 617 617 617 617 617 617 617 617 617 617 617 617 617 617 617 617 617 617 617 617 617 617 617 617 617 617 617 617 617 617 617 617 617 617 617 614 622 623 637 637 637 611 620 617 617 617 617 617 617 617 617 617 617 617 617 617 617 614 623 637 637 637 637 637 637 637 637 637 637 637 637 637 637 637 
637 637 637 637 637 637 637 637 637 637 637 637 637 637 637 637 637 637 637 637 637 637 637 616 617 617 617 617 617 617 617 617 617 617 617 617 617 617 617 617 617 617 617 617 617 617 617 617 617 617 617 617 617 617 617 617 617 617 614 622 622 623 637 637 637 637 611 620 617 617 617 617 617 617 617 617 617 617 617 617 617 617 617 618 637 637 637 637 637 637 637 637 637 637 637 637 637 637 637 637 
637 637 637 637 637 637 637 637 637 637 637 637 637 637 637 637 637 637 637 637 637 637 611 620 617 617 617 617 617 617 617 617 617 617 617 617 617 617 617 617 617 617 617 617 617 617 617 617 617 617 617 617 617 617 617 617 617 614 623 637 637 637 637 637 637 637 616 617 617 617 617 617 617 617 617 617 617 617 617 617 617 617 617 618 637 637 637 637 637 637 637 637 637 637 637 637 637 637 637 637 
637 637 637 637 637 637 637 637 637 637 637 637 637 637 637 637 637 637 637 637 637 637 616 617 617 617 617 617 617 617 617 617 617 617 617 617 617 617 617 617 617 617 617 617 617 617 617 617 617 617 617 617 617 617 617 614 622 623 637 637 637 637 637 637 637 637 621 615 617 617 617 617 617 617 617 617 617 617 617 617 617 617 614 623 637 637 637 637 637 637 637 637 637 637 637 637 637 637 637 637 
637 637 637 637 637 637 637 637 637 637 637 637 637 637 637 637 637 637 637 637 637 637 616 617 617 617 617 617 617 617 617 617 617 617 617 617 617 617 617 617 617 617 617 617 617 617 617 617 617 617 617 617 617 617 614 623 637 637 637 637 611 612 613 637 637 637 637 621 615 617 617 617 617 617 617 617 617 617 617 617 617 614 623 637 637 637 637 637 637 637 637 637 637 637 637 637 637 637 637 637 
637 637 637 637 637 637 637 637 637 637 637 637 637 637 637 637 637 637 637 637 637 637 616 617 617 617 617 617 617 617 617 617 617 617 617 617 617 617 617 617 617 617 617 617 617 617 617 617 617 617 617 617 617 617 618 637 637 637 637 611 620 617 619 613 637 637 637 637 621 615 617 617 617 617 617 617 617 617 617 617 617 618 637 637 637 637 637 637 637 637 637 637 637 637 637 637 637 637 637 637 
637 637 637 637 637 637 637 637 637 637 637 637 637 637 637 637 637 637 637 637 637 637 616 615 617 617 617 617 617 617 617 617 617 617 617 617 617 617 617 617 617 617 617 617 617 617 617 617 617 617 617 617 617 614 623 637 637 637 611 620 617 617 617 619 613 637 637 637 637 621 615 617 617 617 617 617 617 617 617 617 614 623 637 637 637 637 637 637 637 637 637 637 637 637 637 637 637 637 637 637 
637 637 637 637 637 637 637 637 637 637 637 637 637 637 637 637 637 637 637 637 637 637 637 616 617 617 617 617 617 617 617 617 617 617 617 617 617 617 617 617 617 617 617 617 617 617 617 617 617 617 617 617 617 618 637 637 637 611 620 617 617 617 617 617 619 613 637 637 637 637 621 615 617 617 617 617 617 617 614 622 623 637 637 637 637 637 637 637 637 637 637 637 637 637 637 637 637 637 637 637 
637 637 637 637 637 637 637 637 637 637 637 637 637 637 637 637 637 637 637 637 637 637 637 616 617 617 617 617 617 617 617 617 617 617 617 617 617 617 617 617 617 617 617 617 617 617 617 617 617 617 617 617 614 623 637 637 637 616 617 617 617 617 617 617 617 619 613 637 637 637 637 621 615 617 617 617 617 614 623 637 637 637 637 637 637 637 637 637 637 637 637 637 637 637 637 637 637 637 637 637 
637 637 637 637 637 637 637 637 637 637 637 637 637 637 637 637 637 637 637 637 637 637 637 621 622 615 617 617 617 617 617 617 617 617 617 617 617 617 617 617 617 617 617 617 617 617 617 617 617 617 617 614 623 637 637 637 611 620 617 617 617 617 617 617 617 617 619 612 613 637 637 637 621 622 615 617 614 623 637 637 637 637 637 637 637 637 637 637 637 637 637 637 637 637 637 637 637 637 637 637 
637 637 637 637 637 637 637 637 637 637 637 637 637 637 637 637 637 637 637 637 637 637 637 637 637 621 615 617 617 617 617 617 617 617 617 617 617 617 617 617 617 614 622 622 622 622 615 617 617 617 614 623 637 637 637 611 620 617 617 617 617 617 617 617 617 617 617 617 619 613 637 637 637 637 621 622 623 637 637 637 637 637 637 637 637 637 637 637 637 637 637 637 637 637 637 637 637 637 637 637 
637 637 637 637 637 637 637 637 637 637 637 637 637 637 637 637 637 637 637 637 637 637 637 637 637 637 621 622 615 617 617 617 617 617 617 617 617 617 614 622 622 623 637 637 637 637 621 622 622 622 623 637 637 637 611 620 617 617 617 617 617 617 617 617 617 617 617 617 617 619 613 637 637 637 637 637 637 637 637 637 637 637 637 637 637 637 637 637 637 637 637 637 637 637 637 637 637 637 637 637 
637 637 637 637 637 637 637 637 637 637 637 637 637 637 637 637 637 637 637 637 637 637 637 637 637 637 637 637 621 615 617 617 617 617 617 617 617 614 623 637 637 637 637 637 637 637 637 637 637 637 637 637 637 611 620 617 617 617 617 617 617 617 617 617 617 617 617 617 617 617 619 637 637 637 637 637 637 637 637 637 637 637 637 637 637 637 637 637 637 637 637 637 637 637 637 637 637 637 637 637 
637 637 637 637 637 637 637 637 637 637 637 637 637 637 637 637 637 637 637 637 637 637 637 637 637 637 637 637 637 621 622 622 622 622 622 622 622 623 637 637 637 637 637 637 637 637 637 637 637 637 637 637 611 620 617 617 617 617 617 617 617 617 617 617 617 617 617 617 617 617 617 619 613 637 637 637 637 637 637 637 637 637 637 637 637 637 637 637 637 637 637 637 637 637 637 637 637 637 637 637 
637 637 637 637 637 637 637 637 637 637 637 637 637 637 637 637 637 637 637 637 637 637 637 637 637 637 637 637 637 637 637 637 637 637 637 637 637 637 637 637 637 637 637 637 637 637 637 637 637 637 637 637 616 617 617 617 617 617 617 617 617 617 617 617 617 617 617 617 617 617 617 617 618 637 637 637 637 637 637 637 637 637 637 637 637 637 637 637 637 637 637 637 637 637 637 637 637 637 637 637 
637 637 637 637 637 637 637 637 637 637 637 637 637 637 637 637 637 637 637 637 637 637 637 637 637 637 637 637 637 637 637 637 637 637 637 637 637 637 637 637 637 637 637 637 637 637 637 637 637 637 637 611 620 617 617 617 617 617 617 617 617 617 617 617 617 617 617 617 617 617 617 617 619 613 637 637 637 637 637 637 637 637 637 637 637 637 637 637 637 637 637 637 637 637 637 637 637 637 637 637 
637 637 637 637 637 637 637 637 637 637 637 637 637 637 637 637 637 637 637 637 637 637 637 637 637 637 637 637 637 637 637 637 637 637 637 637 637 637 637 637 637 637 637 637 637 637 637 637 637 637 637 621 622 615 617 617 617 617 617 617 617 617 617 617 617 617 617 617 617 617 617 617 617 618 637 637 637 637 637 637 637 637 637 637 637 637 637 637 637 637 637 637 637 637 637 637 637 637 637 637 
637 637 637 637 637 637 637 637 637 637 637 637 637 637 637 637 637 637 637 637 637 637 637 637 637 637 637 637 637 637 637 637 637 637 637 637 637 637 637 637 637 637 637 637 637 637 637 637 637 637 637 637 637 621 615 617 617 617 617 617 617 617 617 617 617 617 617 617 617 617 617 617 617 618 637 637 637 637 637 637 637 637 637 637 637 637 637 637 637 637 637 637 637 637 637 637 637 637 637 637 
637 637 637 637 637 637 637 637 637 637 637 637 637 637 637 637 637 637 637 637 637 637 637 637 637 637 637 637 637 637 637 637 637 637 637 637 637 637 637 637 637 637 637 637 637 637 637 637 637 637 637 637 637 637 621 615 617 617 617 617 617 617 617 617 617 617 617 617 617 617 617 617 617 618 637 637 637 637 637 637 637 637 637 637 637 637 637 637 637 637 637 637 637 637 637 637 637 637 637 637 
637 637 637 637 637 637 637 637 637 637 637 637 637 637 637 637 637 637 637 637 637 637 637 637 637 637 637 637 637 637 637 637 637 637 637 637 637 637 637 637 637 637 637 637 637 637 637 637 637 637 637 637 637 637 637 621 615 617 617 617 617 617 617 617 617 617 617 617 617 617 617 617 614 623 637 637 637 637 637 637 637 637 637 637 637 637 637 637 637 637 637 637 637 637 637 637 637 637 637 637 
637 637 637 637 637 637 637 637 637 637 637 637 637 637 637 637 637 637 637 637 637 637 637 637 637 637 637 637 637 637 637 637 637 637 637 637 637 637 637 637 637 637 637 637 637 637 637 637 637 637 637 637 637 637 637 637 621 622 615 617 617 617 617 617 617 617 617 617 617 617 617 614 623 637 637 637 637 637 637 637 637 637 637 637 637 637 637 637 637 637 637 637 637 637 637 637 637 637 637 637 
637 637 637 637 637 637 637 637 637 637 637 637 637 637 637 637 637 637 637 637 637 637 637 637 637 637 637 637 637 637 637 637 637 637 637 637 637 637 637 637 637 637 637 637 637 637 637 637 637 637 637 637 637 637 637 637 637 637 621 622 615 617 617 617 617 617 617 617 617 614 622 623 637 637 637 637 637 637 637 637 637 637 637 637 637 637 637 637 637 637 637 637 637 637 637 637 637 637 637 637 
637 637 637 637 637 637 637 637 637 637 637 637 637 637 637 637 637 637 637 637 637 637 637 637 637 637 637 637 637 637 637 637 637 637 637 637 637 637 637 637 637 637 637 637 637 637 637 637 637 637 637 637 637 637 637 637 637 637 637 637 621 622 622 622 622 622 622 622 622 623 637 637 637 637 637 637 637 637 637 637 637 637 637 637 637 637 637 637 637 637 637 637 637 637 637 637 637 637 637 637 
637 637 637 637 637 637 637 637 637 637 637 637 637 637 637 637 637 637 637 637 637 637 637 637 637 637 637 637 637 637 637 637 637 637 637 637 637 637 637 637 637 637 637 637 637 637 637 637 637 637 637 637 637 637 637 637 637 637 637 637 637 637 637 637 637 637 637 637 637 637 637 637 637 637 637 637 637 637 637 637 637 637 637 637 637 637 637 637 637 637 637 637 637 637 637 637 637 637 637 637 
637 637 637 637 637 637 637 637 637 637 637 637 637 637 637 637 637 637 637 637 637 637 637 637 637 637 637 637 637 637 637 637 637 637 637 637 637 637 637 637 637 637 637 637 637 637 637 637 637 637 637 637 637 637 637 637 637 637 637 637 637 637 637 637 637 637 637 637 637 637 637 637 637 637 637 637 637 637 637 637 637 637 637 637 637 637 637 637 637 637 637 637 637 637 637 637 637 637 637 637 
637 637 637 637 637 637 637 637 637 637 637 637 637 637 637 637 637 637 637 637 637 637 637 637 637 637 637 637 637 637 637 637 637 637 637 637 637 637 637 637 637 637 637 637 637 637 637 637 637 637 637 637 637 637 637 637 637 637 637 637 637 637 637 637 637 637 637 637 637 637 637 637 637 637 637 637 637 637 637 637 637 637 637 637 637 637 637 637 637 637 637 637 637 637 637 637 637 637 637 637 
637 637 637 637 637 637 637 637 637 637 637 637 637 637 637 637 637 637 637 637 637 637 637 637 637 637 637 637 637 637 637 637 637 637 637 637 637 637 637 637 637 637 637 637 637 637 637 637 637 637 637 637 637 637 637 637 637 637 637 637 637 637 637 637 637 637 637 637 637 637 637 637 637 637 637 637 637 637 637 637 637 637 637 637 637 637 637 637 637 637 637 637 637 637 637 637 637 637 637 637 
637 637 637 637 637 637 637 637 637 637 637 637 637 637 637 637 637 637 637 637 637 637 637 637 637 637 637 637 637 637 637 637 637 637 637 637 637 637 637 637 637 637 637 637 637 637 637 637 637 637 637 637 637 637 637 637 637 637 637 637 637 637 637 637 637 637 637 637 637 637 637 637 637 637 637 637 637 637 637 637 637 637 637 637 637 637 637 637 637 637 637 637 637 637 637 637 637 637 637 637 
637 637 637 637 637 637 637 637 637 637 637 637 637 637 637 637 637 637 637 637 637 637 637 637 637 637 637 637 637 637 637 637 637 637 637 637 637 637 637 637 637 637 637 637 637 637 637 637 637 637 637 637 637 637 637 637 637 637 637 637 637 637 637 637 637 637 637 637 637 637 637 637 637 637 637 637 637 637 637 637 637 637 637 637 637 637 637 637 637 637 637 637 637 637 637 637 637 637 637 637 
637 637 637 637 637 637 637 637 637 637 637 637 637 637 637 637 637 637 637 637 637 637 637 637 637 637 637 637 637 637 637 637 637 637 637 637 637 637 637 637 637 637 637 637 637 637 637 637 637 637 637 637 637 637 637 637 637 637 637 637 637 637 637 637 637 637 637 637 637 637 637 637 637 637 637 637 637 637 637 637 637 637 637 637 637 637 637 637 637 637 637 637 637 637 637 637 637 637 637 637 
637 637 637 637 637 637 637 637 637 637 637 637 637 637 637 637 637 637 637 637 637 637 637 637 637 637 637 637 637 637 637 637 637 637 637 637 637 637 637 637 637 637 637 637 637 637 637 637 637 637 637 637 637 637 637 637 637 637 637 637 637 637 637 637 637 637 637 637 637 637 637 637 637 637 637 637 637 637 637 637 637 637 637 637 637 637 637 637 637 637 637 637 637 637 637 637 637 637 637 637 
637 637 637 637 637 637 637 637 637 637 637 637 637 637 637 637 637 637 637 637 637 637 637 637 637 637 637 637 637 637 637 637 637 637 637 637 637 637 637 637 637 637 637 637 637 637 637 637 637 637 637 637 637 637 637 637 637 637 637 637 637 637 637 637 637 637 637 637 637 637 637 637 637 637 637 637 637 637 637 637 637 637 637 637 637 637 637 637 637 637 637 637 637 637 637 637 637 637 637 637 
637 637 637 637 637 637 637 637 637 637 637 637 637 637 637 637 637 637 637 637 637 637 637 637 637 637 637 637 637 637 637 637 637 637 637 637 637 637 637 637 637 637 637 637 637 637 637 637 637 637 637 637 637 637 637 637 637 637 637 637 637 637 637 637 637 637 637 637 637 637 637 637 637 637 637 637 637 637 637 637 637 637 637 637 637 637 637 637 637 637 637 637 637 637 637 637 637 637 637 637 
637 637 637 637 637 637 637 637 637 637 637 637 637 637 637 637 637 637 637 637 637 637 637 637 637 637 637 637 637 637 637 637 637 637 637 637 637 637 637 637 637 637 637 637 637 637 637 637 637 637 637 637 637 637 637 637 637 637 637 637 637 637 637 637 637 637 637 637 637 637 637 637 637 637 637 637 637 637 637 637 637 637 637 637 637 637 637 637 637 637 637 637 637 637 637 637 637 637 637 637 
637 637 637 637 637 637 637 637 637 637 637 637 637 637 637 637 637 637 637 637 637 637 637 637 637 637 637 637 637 637 637 637 637 637 637 637 637 637 637 637 637 637 637 637 637 637 637 637 637 637 637 637 637 637 637 637 637 637 637 637 637 637 637 637 637 637 637 637 637 637 637 637 637 637 637 637 637 637 637 637 637 637 637 637 637 637 637 637 637 637 637 637 637 637 637 637 637 637 637 637 
637 637 637 637 637 637 637 637 637 637 637 637 637 637 637 637 637 637 637 637 637 637 637 637 637 637 637 637 637 637 637 637 637 637 637 637 637 637 637 637 637 637 637 637 637 637 637 637 637 637 637 637 637 637 637 637 637 637 637 637 637 637 637 637 637 637 637 637 637 637 637 637 637 637 637 637 637 637 637 637 637 637 637 637 637 637 637 637 637 637 637 637 637 637 637 637 637 637 637 637 
637 637 637 637 637 637 637 637 637 637 637 637 637 637 637 637 637 637 637 637 637 637 637 637 637 637 637 637 637 637 637 637 637 637 637 637 637 637 637 637 637 637 637 637 637 637 637 637 637 637 637 637 637 637 637 637 637 637 637 637 637 637 637 637 637 637 637 637 637 637 637 637 637 637 637 637 637 637 637 637 637 637 637 637 637 637 637 637 637 637 637 637 637 637 637 637 637 637 637 637 
637 637 637 637 637 637 637 637 637 637 637 637 637 637 637 637 637 637 637 637 637 637 637 637 637 637 637 637 637 637 637 637 637 637 637 637 637 637 637 637 637 637 637 637 637 637 637 637 637 637 637 637 637 637 637 637 637 637 637 637 637 637 637 637 637 637 637 637 637 637 637 637 637 637 637 637 637 637 637 637 637 637 637 637 637 637 637 637 637 637 637 637 637 637 637 637 637 637 637 637 
637 637 637 637 637 637 637 637 637 637 637 637 637 637 637 637 637 637 637 637 637 637 637 637 637 637 637 637 637 637 637 637 637 637 637 637 637 637 637 637 637 637 637 637 637 637 637 637 637 637 637 637 637 637 637 637 637 637 637 637 637 637 637 637 637 637 637 637 637 637 637 637 637 637 637 637 637 637 637 637 637 637 637 637 637 637 637 637 637 637 637 637 637 637 637 637 637 637 637 637 
637 637 637 637 637 637 637 637 637 637 637 637 637 637 637 637 637 637 637 637 637 637 637 637 637 637 637 637 637 637 637 637 637 637 637 637 637 637 637 637 637 637 637 637 637 637 637 637 637 637 637 637 637 637 637 637 637 637 637 637 637 637 637 637 637 637 637 637 637 637 637 637 637 637 637 637 637 637 637 637 637 637 637 637 637 637 637 637 637 637 637 637 637 637 637 637 637 637 637 637 
637 637 637 637 637 637 637 637 637 637 637 637 637 637 637 637 637 637 637 637 637 637 637 637 637 637 637 637 637 637 637 637 637 637 637 637 637 637 637 637 637 637 637 637 637 637 637 637 637 637 637 637 637 637 637 637 637 637 637 637 637 637 637 637 637 637 637 637 637 637 637 637 637 637 637 637 637 637 637 637 637 637 637 637 637 637 637 637 637 637 637 637 637 637 637 637 637 637 637 637 
637 637 637 637 637 637 637 637 637 637 637 637 637 637 637 637 637 637 637 637 637 637 637 637 637 637 637 637 637 637 637 637 637 637 637 637 637 637 637 637 637 637 637 637 637 637 637 637 637 637 637 637 637 637 637 637 637 637 637 637 637 637 637 637 637 637 637 637 637 637 637 637 637 637 637 637 637 637 637 637 637 637 637 637 637 637 637 637 637 637 637 637 637 637 637 637 637 637 637 637 
637 637 637 637 637 637 637 637 637 637 637 637 637 637 637 637 637 637 637 637 637 637 637 637 637 637 637 637 637 637 637 637 637 637 637 637 637 637 637 637 637 637 637 637 637 637 637 637 637 637 637 637 637 637 637 637 637 637 637 637 637 637 637 637 637 637 637 637 637 637 637 637 637 637 637 637 637 637 637 637 637 637 637 637 637 637 637 637 637 637 637 637 637 637 637 637 637 637 637 637 
637 637 637 637 637 637 637 637 637 637 637 637 637 637 637 637 637 637 637 637 637 637 637 637 637 637 637 637 637 637 637 637 637 637 637 637 637 637 637 637 637 637 637 637 637 637 637 637 637 637 637 637 637 637 637 637 637 637 637 637 637 637 637 637 637 637 637 637 637 637 637 637 637 637 637 637 637 637 637 637 637 637 637 637 637 637 637 637 637 637 637 637 637 637 637 637 637 637 637 637 
637 637 637 637 637 637 637 637 637 637 637 637 637 637 637 637 637 637 637 637 637 637 637 637 637 637 637 637 637 637 637 637 637 637 637 637 637 637 637 637 637 637 637 637 637 637 637 637 637 637 637 637 637 637 637 637 637 637 637 637 637 637 637 637 637 637 637 637 637 637 637 637 637 637 637 637 637 637 637 637 637 637 637 637 637 637 637 637 637 637 637 637 637 637 637 637 637 637 637 637 
637 637 637 637 637 637 637 637 637 637 637 637 637 637 637 637 637 637 637 637 637 637 637 637 637 637 637 637 637 637 637 637 637 637 637 637 637 637 637 637 637 637 637 637 637 637 637 637 637 637 637 637 637 637 637 637 637 637 637 637 637 637 637 637 637 637 637 637 637 637 637 637 637 637 637 637 637 637 637 637 637 637 637 637 637 637 637 637 637 637 637 637 637 637 637 637 637 637 637 637 
637 637 637 637 637 637 637 637 637 637 637 637 637 637 637 637 637 637 637 637 637 637 637 637 637 637 637 637 637 637 637 637 637 637 637 637 637 637 637 637 637 637 637 637 637 637 637 637 637 637 637 637 637 637 637 637 637 637 637 637 637 637 637 637 637 637 637 637 637 637 637 637 637 637 637 637 637 637 637 637 637 637 637 637 637 637 637 637 637 637 637 637 637 637 637 637 637 637 637 637 
637 637 637 637 637 637 637 637 637 637 637 637 637 637 637 637 637 637 637 637 637 637 637 637 637 637 637 637 637 637 637 637 637 637 637 637 637 637 637 637 637 637 637 637 637 637 637 637 637 637 637 637 637 637 637 637 637 637 637 637 637 637 637 637 637 637 637 637 637 637 637 637 637 637 637 637 637 637 637 637 637 637 637 637 637 637 637 637 637 637 637 637 637 637 637 637 637 637 637 637 
