880 880 880 880 880 880 880 880 880 880 880 880 880 880 880 880 880 880 880 880 880 880 880 880 880 880 880 880 880 880 880 880 880 880 880 880 880 880 880 880 880 880 880 880 880 880 880 880 880 880 880 880 880 880 880 880 880 880 880 880 880 880 880 880 880 880 880 880 880 880 880 880 880 880 880 880 880 880 880 880 880 880 880 880 880 880 880 880 880 880 880 880 880 880 880 880 880 880 880 880 
880 880 880 880 880 880 880 880 880 880 880 880 880 880 880 880 880 880 880 880 880 880 880 880 880 880 880 880 880 880 880 880 880 880 880 880 880 880 880 880 880 880 880 880 880 880 880 880 880 880 880 880 880 880 880 880 880 880 880 880 880 880 880 880 880 880 880 880 880 880 880 880 880 880 880 880 880 880 880 880 880 880 880 880 880 880 880 880 880 880 880 880 880 880 880 880 880 880 880 880 
880 880 880 880 880 880 880 880 880 880 880 880 880 880 880 880 880 880 880 880 880 880 880 880 880 880 880 880 880 880 880 880 880 880 880 880 880 880 880 880 880 880 880 880 880 880 880 880 880 880 880 880 880 880 880 880 880 880 880 880 880 880 880 880 880 880 880 880 880 880 880 880 880 880 880 880 880 880 880 880 880 880 880 880 880 880 880 880 880 880 880 880 880 880 880 880 880 880 880 880 
880 880 880 880 880 880 880 880 880 880 880 880 880 880 880 880 880 880 880 880 880 880 880 880 880 880 880 880 880 880 880 880 880 880 880 880 880 880 880 880 880 880 880 880 880 880 880 880 880 880 880 880 880 880 880 880 880 880 880 880 880 880 880 880 880 880 880 880 880 880 880 880 880 880 880 880 880 880 880 880 880 880 880 880 880 880 880 880 880 880 880 880 880 880 880 880 880 880 880 880 
880 880 880 880 880 880 880 880 880 880 880 880 880 880 880 880 880 880 880 880 880 880 880 880 880 880 880 880 880 880 880 880 880 880 880 880 880 880 880 880 880 880 880 880 880 880 880 880 880 880 880 880 880 880 880 880 880 880 880 880 880 880 880 880 880 880 880 880 880 880 880 880 880 880 880 880 880 880 880 880 880 880 880 880 880 880 880 880 880 880 880 880 880 880 880 880 880 880 880 880 
880 880 880 880 880 880 880 880 880 880 880 880 880 880 880 880 880 880 880 880 880 880 880 880 880 880 880 880 880 880 880 880 880 880 880 880 880 880 880 880 880 880 880 880 880 880 880 880 880 880 880 880 880 880 880 880 880 880 880 880 880 880 880 880 880 880 880 880 880 880 880 880 880 880 880 880 880 880 880 880 880 880 880 880 880 880 880 880 880 880 880 880 880 880 880 880 880 880 880 880 
880 880 880 880 880 880 880 880 880 880 880 880 880 880 880 880 880 880 880 880 880 880 880 880 880 880 880 880 880 880 880 880 880 880 880 880 880 880 880 880 880 880 880 880 880 880 880 880 880 880 880 880 880 880 880 880 880 880 880 880 880 880 880 880 880 880 880 880 880 880 880 880 880 880 880 880 880 880 880 880 880 880 880 880 880 880 880 880 880 880 880 880 880 880 880 880 880 880 880 880 
880 880 880 880 880 880 880 880 880 880 880 880 880 880 880 880 880 880 880 880 880 880 880 880 880 880 880 880 880 880 880 880 880 880 880 880 880 880 880 880 880 880 880 880 880 880 880 880 880 880 880 880 880 880 880 880 880 880 880 880 880 880 880 880 880 880 880 880 880 880 880 880 880 880 880 880 880 880 880 880 880 880 880 880 880 880 880 880 880 880 880 880 880 880 880 880 880 880 880 880 
880 880 880 880 880 880 880 880 880 880 880 880 880 880 880 880 880 880 880 880 880 880 880 880 880 880 880 880 880 880 880 880 880 880 880 880 880 880 880 880 880 880 880 880 880 880 880 880 880 880 880 880 880 880 880 880 880 880 880 880 880 880 880 880 880 880 880 880 880 880 880 880 880 880 880 880 880 880 880 880 880 880 880 880 880 880 880 880 880 880 880 880 880 880 880 880 880 880 880 880 
880 880 880 880 880 880 880 880 880 880 880 880 880 880 880 880 880 880 880 880 880 880 880 880 880 880 880 880 880 880 880 880 880 880 880 880 880 880 880 880 880 880 880 880 880 880 880 880 880 880 880 880 880 880 880 880 880 880 880 880 880 880 880 880 880 880 880 880 880 880 880 880 880 880 880 880 880 880 880 880 880 880 880 880 880 880 880 880 880 880 880 880 880 880 880 880 880 880 880 880 
880 880 880 880 880 880 880 880 880 880 880 880 880 880 880 880 880 880 880 880 880 880 880 880 880 880 880 880 880 880 880 880 880 880 880 880 880 880 880 880 880 880 880 880 880 880 880 880 880 880 880 880 880 880 880 880 880 880 880 880 880 880 880 880 880 880 880 880 880 880 880 880 880 880 880 880 880 880 880 880 880 880 880 880 880 880 880 880 880 880 880 880 880 880 880 880 880 880 880 880 
880 880 880 880 880 880 880 880 880 880 880 880 880 880 880 880 880 880 880 880 880 880 880 880 880 880 880 880 880 880 880 880 880 880 880 880 880 880 880 880 880 880 880 880 880 880 880 880 880 880 880 880 880 880 880 880 880 880 880 880 880 880 880 880 880 880 880 880 880 880 880 880 880 880 880 880 880 880 880 880 880 880 880 880 880 880 880 880 880 880 880 880 880 880 880 880 880 880 880 880 
880 880 880 880 880 880 880 880 880 880 880 880 880 880 880 880 880 880 880 880 880 880 880 880 880 880 880 880 880 880 880 880 880 880 880 880 880 880 880 880 880 880 880 880 880 880 880 880 880 880 880 880 880 880 880 880 880 880 880 880 880 880 880 880 880 880 880 880 880 880 880 880 880 880 880 880 880 880 880 880 880 880 880 880 880 880 880 880 880 880 880 880 880 880 880 880 880 880 880 880 
880 880 880 880 880 880 880 880 880 880 880 880 880 880 880 880 880 880 880 880 880 880 880 880 880 880 880 880 880 880 880 880 880 880 880 880 880 880 880 880 880 880 880 880 880 880 880 880 880 880 880 880 880 880 880 880 880 880 880 880 880 880 880 880 880 880 880 880 880 880 880 880 880 880 880 880 880 880 880 880 880 880 880 880 880 880 880 880 880 880 880 880 880 880 880 880 880 880 880 880 
880 880 880 880 880 880 880 880 880 880 880 880 880 880 880 880 880 880 880 880 880 880 880 880 880 880 880 880 880 880 880 880 880 880 880 880 880 880 880 880 880 880 880 880 880 880 880 880 880 880 880 880 880 880 880 880 880 880 880 880 880 880 880 880 880 880 880 880 880 880 880 880 880 880 880 880 880 880 880 880 880 880 880 880 880 880 880 880 880 880 880 880 880 880 880 880 880 880 880 880 
880 880 880 880 880 880 880 880 880 880 880 880 880 880 880 880 880 880 880 880 880 880 880 880 880 880 880 880 880 880 880 880 880 880 880 880 880 880 880 880 880 880 880 880 880 880 880 880 880 880 880 880 880 880 880 880 880 880 880 880 880 880 880 880 880 880 880 880 880 880 880 880 880 880 880 880 880 880 880 880 880 880 880 880 880 880 880 880 880 880 880 880 880 880 880 880 880 880 880 880 
880 880 880 880 880 880 880 880 880 880 880 880 880 880 880 880 880 880 880 880 880 880 880 880 880 880 880 880 880 880 880 880 880 880 880 880 880 880 880 880 880 880 880 880 880 880 880 880 880 880 880 880 880 880 880 880 880 880 880 880 880 880 880 880 880 880 880 880 880 880 880 880 880 880 880 880 880 880 880 880 880 880 880 880 880 880 880 880 880 880 880 880 880 880 880 880 880 880 880 880 
880 880 880 880 880 880 880 880 880 880 880 880 880 880 880 880 880 880 880 880 880 880 880 880 880 880 880 880 880 880 880 880 880 880 880 880 880 880 880 880 880 880 880 880 880 880 880 880 880 880 880 880 880 880 880 880 880 880 880 880 880 880 880 880 880 880 880 880 880 880 880 880 880 880 880 880 880 880 880 880 880 880 880 880 880 880 880 880 880 880 880 880 880 880 880 880 880 880 880 880 
880 880 880 880 880 880 880 880 880 880 880 880 880 880 880 880 880 880 880 880 880 880 880 880 880 880 880 880 880 880 880 880 880 880 880 880 880 880 880 880 880 880 880 880 880 880 880 880 880 880 880 880 880 880 880 880 880 880 880 880 880 880 880 880 880 880 880 880 880 880 880 880 880 880 880 880 880 880 880 880 880 880 880 880 880 880 880 880 880 880 880 880 880 880 880 880 880 880 880 880 
880 880 880 880 880 880 880 880 880 880 880 880 880 880 880 880 880 880 880 880 880 880 880 880 880 880 880 880 880 880 880 880 880 880 880 880 880 880 880 880 880 880 880 880 880 880 880 880 880 880 880 880 880 880 880 880 880 880 880 880 880 880 880 880 880 880 880 880 880 880 880 880 880 880 880 880 880 880 880 880 880 880 880 880 880 880 880 880 880 880 880 880 880 880 880 880 880 880 880 880 
880 880 880 880 880 880 880 880 880 880 880 880 880 880 880 880 880 880 880 880 880 880 880 880 880 880 880 880 880 880 880 880 880 880 880 880 880 880 880 880 880 880 880 880 880 880 880 880 880 880 880 880 880 880 880 880 880 880 880 880 880 880 880 880 880 880 880 880 880 880 880 880 880 880 880 880 880 880 880 880 880 880 880 880 880 880 880 880 880 880 880 880 880 880 880 880 880 880 880 880 
880 880 880 880 880 880 880 880 880 880 880 880 880 880 880 880 880 880 880 880 880 880 880 880 880 880 880 880 880 880 880 880 880 880 880 880 880 880 880 880 880 880 880 880 880 880 880 880 880 880 880 880 880 880 880 880 880 880 880 880 880 880 880 880 880 880 880 880 880 880 880 880 880 880 880 880 880 880 880 880 880 880 880 880 880 880 880 880 880 880 880 880 880 880 880 880 880 880 880 880 
880 880 880 880 880 880 880 880 880 880 880 880 880 880 880 880 880 880 880 880 880 880 880 880 880 880 880 880 880 880 880 880 880 880 880 880 880 880 880 880 880 880 880 880 880 880 880 880 880 880 880 880 880 880 880 880 880 880 880 880 880 880 880 880 880 880 880 880 880 880 880 880 880 880 880 880 880 880 880 880 880 880 880 880 880 880 880 880 880 880 880 880 880 880 880 880 880 880 880 880 
880 880 880 880 880 880 880 880 880 880 880 880 880 880 880 880 880 880 880 880 880 880 880 880 880 880 880 880 880 880 880 880 880 880 880 880 880 880 880 880 880 880 880 880 880 880 880 880 880 880 880 880 880 880 880 880 880 880 880 880 880 880 880 880 880 880 880 880 880 880 880 880 880 880 880 880 880 880 880 880 880 880 880 880 880 880 880 880 880 880 880 880 880 880 880 880 880 880 880 880 
880 880 880 880 880 880 880 880 880 880 880 880 880 880 880 880 880 880 880 880 880 880 880 880 880 880 880 880 880 880 880 880 880 880 880 880 880 880 880 880 880 880 880 880 880 880 880 880 880 880 880 880 880 880 880 880 880 880 880 880 880 880 880 880 880 880 880 880 880 880 880 880 880 880 880 880 880 880 880 880 880 880 880 880 880 880 880 880 880 880 880 880 880 880 880 880 880 880 880 880 
880 880 880 880 880 880 880 880 880 880 880 880 880 880 880 880 880 880 880 880 880 880 880 880 880 880 880 880 880 880 880 847 848 848 848 848 848 848 849 880 880 880 880 880 880 880 880 880 880 880 880 880 880 880 880 880 880 880 880 880 880 880 880 880 880 880 880 880 880 880 880 880 880 880 880 880 880 880 880 880 880 880 880 880 880 880 880 880 880 880 880 880 880 880 880 880 880 880 880 880 
880 880 880 880 880 880 880 880 880 880 880 880 880 880 880 880 880 880 880 880 880 880 880 880 880 880 880 880 880 880 847 867 869 870 869 870 870 869 866 848 849 880 880 880 880 880 880 880 880 880 880 880 880 880 880 880 880 880 880 880 880 880 880 880 880 880 880 880 880 880 880 880 880 880 880 880 880 880 880 880 880 880 880 880 880 880 880 880 880 880 880 880 880 880 880 880 880 880 880 880 
880 880 880 880 880 880 880 880 880 880 880 880 880 880 880 880 880 880 880 880 880 880 880 880 880 880 880 880 880 847 867 872 873 875 873 875 875 873 871 869 866 848 849 880 880 880 880 880 880 880 880 880 880 847 848 848 848 848 848 848 848 849 880 880 880 880 880 880 880 880 880 880 880 880 880 880 880 880 880 880 880 880 880 880 880 880 880 880 880 880 880 880 880 880 880 880 880 880 880 880 
880 880 880 880 880 880 880 880 880 880 880 880 880 880 880 880 880 880 880 880 880 880 880 880 880 880 880 880 847 867 872 877 879 879 879 879 879 879 876 874 871 869 866 849 880 880 880 880 880 880 880 880 880 852 869 870 869 869 869 870 869 866 849 880 880 880 880 880 880 880 880 880 880 880 880 880 880 880 880 880 880 880 880 880 880 880 880 880 880 880 880 880 880 880 880 880 880 880 880 880 
880 880 880 880 880 880 880 880 880 880 880 880 880 880 880 880 880 880 880 880 880 880 880 880 880 880 847 848 867 872 877 879 835 836 836 836 836 837 879 879 876 874 871 866 849 880 880 880 880 880 880 880 880 852 876 875 876 876 876 875 875 871 866 849 880 880 880 880 880 880 880 880 880 880 880 880 880 880 880 880 880 880 880 880 880 880 880 880 880 880 880 880 880 880 880 880 880 880 880 880 
880 880 880 880 880 880 880 880 880 880 880 880 880 880 880 880 880 880 880 880 880 880 880 880 880 880 852 869 872 877 879 835 834 839 839 839 839 833 837 879 879 879 876 871 853 880 880 880 880 880 880 880 847 867 879 879 835 836 836 837 879 876 871 866 849 880 880 880 880 880 880 880 880 880 880 880 880 880 880 880 880 880 880 880 880 880 880 880 880 880 880 880 880 880 880 880 880 880 880 880 
880 880 880 880 880 880 880 880 880 880 880 880 880 880 880 880 880 880 880 880 880 880 880 880 880 880 852 874 877 879 835 834 839 839 831 832 839 839 840 879 879 879 879 876 853 880 880 880 880 880 880 847 867 872 835 836 834 839 839 840 879 879 876 871 853 880 880 880 880 880 880 880 880 880 880 880 880 880 880 880 880 880 880 880 880 880 880 880 880 880 880 880 880 880 880 880 880 880 880 880 
880 880 880 880 880 880 880 880 880 880 880 880 880 880 880 880 880 880 880 880 880 880 880 880 880 880 852 879 879 879 838 839 839 831 843 841 842 842 843 879 835 836 837 879 853 880 880 880 847 848 848 867 872 877 838 839 839 839 831 843 879 879 879 876 853 880 880 880 880 880 880 880 880 880 880 880 880 880 880 880 880 880 880 880 880 880 880 880 880 880 880 880 880 880 880 880 880 880 880 880 
880 880 880 880 880 880 880 880 880 880 880 880 880 880 880 880 880 880 880 880 880 880 880 880 880 880 852 879 879 879 841 842 842 843 862 858 858 863 879 879 838 839 840 879 853 880 880 880 852 869 869 872 877 879 841 842 842 842 843 879 879 879 879 879 853 880 880 880 880 880 880 880 880 880 880 880 880 880 880 880 880 880 880 880 880 880 880 880 880 880 880 880 880 880 880 880 880 880 880 880 
880 880 880 880 880 880 880 880 880 880 880 880 880 880 880 880 880 880 880 880 880 880 880 880 880 880 852 879 879 879 879 879 879 862 880 880 880 852 879 835 834 839 840 879 853 880 880 880 852 874 875 877 879 879 879 883 888 884 884 884 884 887 879 879 853 880 880 880 880 880 880 880 880 880 880 880 880 880 880 880 880 880 880 880 880 880 880 880 880 880 880 880 880 880 880 880 880 880 880 880 
880 880 880 880 880 880 880 880 880 880 880 880 880 880 880 880 880 880 880 880 880 880 880 880 847 848 867 879 879 879 879 879 879 853 880 880 880 857 863 838 839 839 840 879 853 880 880 880 852 879 879 879 835 837 879 892 879 879 879 879 879 879 879 879 853 880 880 880 880 880 880 880 880 880 880 880 880 880 880 880 880 880 880 880 880 880 880 880 880 880 880 880 880 880 880 880 880 880 880 880 
880 880 880 880 880 880 880 880 880 880 880 880 880 880 880 880 880 880 880 880 880 880 847 848 867 870 872 879 879 879 879 879 879 866 849 880 847 848 867 838 839 831 879 879 853 880 880 880 852 879 835 836 834 840 879 892 879 879 879 879 879 879 862 858 859 880 880 880 880 880 880 880 880 880 880 880 880 880 880 880 880 880 880 880 880 880 880 880 880 880 880 880 880 880 880 880 880 880 880 880 
880 880 880 880 880 880 880 880 880 880 880 880 880 880 880 880 880 880 880 880 880 880 852 869 872 875 877 879 879 879 879 879 879 871 866 848 867 869 872 841 842 843 879 862 859 880 880 880 852 879 841 842 842 843 879 892 879 879 879 879 862 858 859 880 880 880 880 880 880 880 880 880 880 880 880 880 880 880 880 880 880 880 880 880 880 880 880 880 880 880 880 880 880 880 880 880 880 880 880 880 
880 880 880 880 880 880 880 880 880 880 880 880 880 880 880 880 880 880 880 880 847 848 867 874 877 879 879 879 879 835 836 837 879 876 871 869 872 876 877 879 879 879 879 853 880 880 880 880 857 858 858 858 858 863 879 892 879 879 862 858 859 880 880 880 880 880 880 880 880 880 880 880 880 880 880 880 880 880 880 880 880 880 880 880 880 880 880 880 880 880 880 880 880 880 880 880 880 880 880 880 
880 880 880 880 880 880 880 880 880 880 880 880 880 880 880 880 880 880 880 880 852 869 872 879 879 879 835 837 879 838 839 833 837 879 876 874 877 879 879 879 879 879 862 859 880 880 880 880 880 880 880 880 880 852 879 892 879 862 859 880 880 880 880 880 880 880 880 880 880 880 880 880 880 880 880 880 880 880 880 880 880 880 880 880 880 880 880 880 880 880 880 880 880 880 880 880 880 880 880 880 
880 880 880 880 880 880 880 880 880 880 880 880 880 880 880 880 880 880 880 880 852 874 877 879 879 835 834 840 879 838 839 839 833 837 879 879 879 879 879 879 862 858 859 880 880 880 880 880 880 880 880 880 880 852 879 892 879 853 880 880 880 880 880 880 880 880 880 880 880 880 880 880 880 880 880 880 880 880 880 880 880 880 880 880 880 880 880 880 880 880 880 880 880 880 880 880 880 880 880 880 
880 880 880 880 880 880 880 880 880 880 880 880 880 880 880 880 880 880 880 880 852 879 879 835 836 834 839 840 879 841 842 832 839 833 837 879 879 879 879 862 859 880 880 880 880 880 880 880 880 880 880 880 880 852 879 892 879 853 880 880 880 880 880 880 880 880 880 880 880 880 880 880 880 880 880 880 880 880 880 880 880 880 880 880 880 880 880 880 880 880 880 880 880 880 880 880 880 880 880 880 
880 880 880 880 880 880 880 880 880 880 880 880 880 880 880 880 880 880 880 880 852 879 879 841 842 842 842 843 879 862 863 841 842 832 833 837 879 879 862 859 880 880 880 847 848 848 848 848 848 848 848 848 848 867 879 892 879 853 880 880 880 880 880 880 880 880 880 880 880 880 880 880 880 880 880 880 880 880 880 880 880 880 880 880 880 880 880 880 880 880 880 880 880 880 880 880 880 880 880 880 
880 880 880 880 880 880 880 880 880 880 880 880 880 880 880 880 880 880 880 880 857 863 879 879 879 879 879 879 862 859 852 879 879 841 842 843 879 862 859 880 880 880 880 852 871 871 870 871 870 871 870 870 871 872 879 892 879 853 880 880 880 880 880 880 880 880 880 880 880 880 880 880 880 880 880 880 880 880 880 880 880 880 880 880 880 880 880 880 880 880 880 880 880 880 880 880 880 880 880 880 
880 880 880 880 880 880 880 880 880 880 880 880 880 880 880 880 880 880 880 880 880 857 858 858 858 858 858 858 859 880 857 858 858 863 879 879 879 866 848 848 848 848 848 867 876 876 875 876 875 876 875 875 876 877 879 892 879 853 880 880 880 880 880 880 880 880 880 880 880 880 880 880 880 880 880 880 880 880 880 880 880 880 880 880 880 880 880 880 880 880 880 880 880 880 880 880 880 880 880 880 
880 880 880 880 880 880 880 880 880 880 880 880 880 880 880 880 880 880 880 880 880 880 880 880 880 880 880 880 880 880 880 880 880 857 863 879 879 871 869 870 869 870 870 872 879 879 879 879 879 879 879 879 879 879 879 892 879 853 880 880 880 880 880 880 880 880 880 880 880 880 880 880 880 880 880 880 880 880 880 880 880 880 880 880 880 880 880 880 880 880 880 880 880 880 880 880 880 880 880 880 
880 880 880 880 880 880 880 880 880 880 880 880 880 880 880 880 880 880 880 880 880 880 880 880 880 880 880 880 880 880 880 880 880 880 852 879 879 876 874 875 874 875 875 877 879 835 836 837 879 879 879 879 879 879 879 892 879 853 880 880 880 880 880 880 880 880 880 880 880 880 880 880 880 880 880 880 880 880 880 880 880 880 880 880 880 880 880 880 880 880 880 880 880 880 880 880 880 880 880 880 
880 880 880 880 880 880 880 880 880 880 880 880 880 880 880 880 880 880 880 880 880 880 880 880 880 880 880 880 880 880 880 880 880 880 852 879 879 879 879 879 879 879 879 879 879 838 839 833 879 879 883 884 888 884 889 897 879 853 880 880 880 880 880 880 880 880 880 880 880 880 880 880 880 880 880 880 880 880 880 880 880 880 880 880 880 880 880 880 880 880 880 880 880 880 880 880 880 880 880 880 
880 880 880 880 880 880 880 880 880 880 880 880 880 880 880 880 880 880 880 880 880 880 880 880 880 880 880 880 880 880 880 880 880 880 852 879 879 879 879 879 879 879 879 879 879 841 832 839 833 837 892 879 879 879 835 836 837 853 880 880 880 880 880 880 880 880 880 880 880 880 880 880 880 880 880 880 880 880 880 880 880 880 880 880 880 880 880 880 880 880 880 880 880 880 880 880 880 880 880 880 
880 880 880 880 880 880 880 880 880 880 880 880 880 880 880 880 880 880 880 880 880 880 880 880 880 880 880 880 880 880 880 880 880 880 857 858 858 858 858 858 858 858 858 863 879 879 841 832 839 840 892 879 879 835 834 839 840 853 880 880 880 880 880 880 880 880 880 880 880 880 880 880 880 880 880 880 880 880 880 880 880 880 880 880 880 880 880 880 880 880 880 880 880 880 880 880 880 880 880 880 
880 880 880 880 880 880 880 880 880 880 880 880 880 880 880 880 880 880 880 880 880 880 880 880 880 880 880 880 880 880 880 880 880 880 880 880 880 880 880 880 880 880 880 852 879 879 879 841 842 843 892 879 879 841 842 842 843 853 880 880 880 880 880 880 880 880 880 880 880 880 880 880 880 880 880 880 880 880 880 880 880 880 880 880 880 880 880 880 880 880 880 880 880 880 880 880 880 880 880 880 
880 880 880 880 880 880 880 880 880 880 880 880 880 880 880 880 880 880 880 880 880 880 880 880 880 880 880 880 880 880 880 880 880 880 880 880 880 880 880 880 880 880 880 857 858 858 858 858 858 881 881 881 858 858 858 858 858 859 880 880 880 880 880 880 880 880 880 880 880 880 880 880 880 880 880 880 880 880 880 880 880 880 880 880 880 880 880 880 880 880 880 880 880 880 880 880 880 880 880 880 
880 880 880 880 880 880 880 880 880 880 880 880 880 880 880 880 880 880 880 880 880 880 880 880 880 880 880 880 880 880 880 880 880 880 880 880 880 880 880 880 880 880 880 880 880 880 880 880 880 880 880 880 880 880 880 880 880 880 880 880 880 880 880 880 880 880 880 880 880 880 880 880 880 880 880 880 880 880 880 880 880 880 880 880 880 880 880 880 880 880 880 880 880 880 880 880 880 880 880 880 
880 880 880 880 880 880 880 880 880 880 880 880 880 880 880 880 880 880 880 880 880 880 880 880 880 880 880 880 880 880 880 880 880 880 880 880 880 880 880 880 880 880 880 880 880 880 880 880 880 880 880 880 880 880 880 880 880 880 880 880 880 880 880 880 880 880 880 880 880 880 880 880 880 880 880 880 880 880 880 880 880 880 880 880 880 880 880 880 880 880 880 880 880 880 880 880 880 880 880 880 
880 880 880 880 880 880 880 880 880 880 880 880 880 880 880 880 880 880 880 880 880 880 880 880 880 880 880 880 880 880 880 880 880 880 880 880 880 880 880 880 880 880 880 880 880 880 880 880 880 880 880 880 880 880 880 880 880 880 880 880 880 880 880 880 880 880 880 880 880 880 880 880 880 880 880 880 880 880 880 880 880 880 880 880 880 880 880 880 880 880 880 880 880 880 880 880 880 880 880 880 
880 880 880 880 880 880 880 880 880 880 880 880 880 880 880 880 880 880 880 880 880 880 880 880 880 880 880 880 880 880 880 880 880 880 880 880 880 880 880 880 880 880 880 880 880 880 880 880 880 880 880 880 880 880 880 880 880 880 880 880 880 880 880 880 880 880 880 880 880 880 880 880 880 880 880 880 880 880 880 880 880 880 880 880 880 880 880 880 880 880 880 880 880 880 880 880 880 880 880 880 
880 880 880 880 880 880 880 880 880 880 880 880 880 880 880 880 880 880 880 880 880 880 880 880 880 880 880 880 880 880 880 880 880 880 880 880 880 880 880 880 880 880 880 880 880 880 880 880 880 880 880 880 880 880 880 880 880 880 880 880 880 880 880 880 880 880 880 880 880 880 880 880 880 880 880 880 880 880 880 880 880 880 880 880 880 880 880 880 880 880 880 880 880 880 880 880 880 880 880 880 
880 880 880 880 880 880 880 880 880 880 880 880 880 880 880 880 880 880 880 880 880 880 880 880 880 880 880 880 880 880 880 880 880 880 880 880 880 880 880 880 880 880 880 880 880 880 880 880 880 880 880 880 880 880 880 880 880 880 880 880 880 880 880 880 880 880 880 880 880 880 880 880 880 880 880 880 880 880 880 880 880 880 880 880 880 880 880 880 880 880 880 880 880 880 880 880 880 880 880 880 
880 880 880 880 880 880 880 880 880 880 880 880 880 880 880 880 880 880 880 880 880 880 880 880 880 880 880 880 880 880 880 880 880 880 880 880 880 880 880 880 880 880 880 880 880 880 880 880 880 880 880 880 880 880 880 880 880 880 880 880 880 880 880 880 880 880 880 880 880 880 880 880 880 880 880 880 880 880 880 880 880 880 880 880 880 880 880 880 880 880 880 880 880 880 880 880 880 880 880 880 
880 880 880 880 880 880 880 880 880 880 880 880 880 880 880 880 880 880 880 880 880 880 880 880 880 880 880 880 880 880 880 880 880 880 880 880 880 880 880 880 880 880 880 880 880 880 880 880 880 880 880 880 880 880 880 880 880 880 880 880 880 880 880 880 880 880 880 880 880 880 880 880 880 880 880 880 880 880 880 880 880 880 880 880 880 880 880 880 880 880 880 880 880 880 880 880 880 880 880 880 
880 880 880 880 880 880 880 880 880 880 880 880 880 880 880 880 880 880 880 880 880 880 880 880 880 880 880 880 880 880 880 880 880 880 880 880 880 880 880 880 880 880 880 880 880 880 880 880 880 880 880 880 880 880 880 880 880 880 880 880 880 880 880 880 880 880 880 880 880 880 880 880 880 880 880 880 880 880 880 880 880 880 880 880 880 880 880 880 880 880 880 880 880 880 880 880 880 880 880 880 
880 880 880 880 880 880 880 880 880 880 880 880 880 880 880 880 880 880 880 880 880 880 880 880 880 880 880 880 880 880 880 880 880 880 880 880 880 880 880 880 880 880 880 880 880 880 880 880 880 880 880 880 880 880 880 880 880 880 880 880 880 880 880 880 880 880 880 880 880 880 880 880 880 880 880 880 880 880 880 880 880 880 880 880 880 880 880 880 880 880 880 880 880 880 880 880 880 880 880 880 
880 880 880 880 880 880 880 880 880 880 880 880 880 880 880 880 880 880 880 880 880 880 880 880 880 880 880 880 880 880 880 880 880 880 880 880 880 880 880 880 880 880 880 880 880 880 880 880 880 880 880 880 880 880 880 880 880 880 880 880 880 880 880 880 880 880 880 880 880 880 880 880 880 880 880 880 880 880 880 880 880 880 880 880 880 880 880 880 880 880 880 880 880 880 880 880 880 880 880 880 
880 880 880 880 880 880 880 880 880 880 880 880 880 880 880 880 880 880 880 880 880 880 880 880 880 880 880 880 880 880 880 880 880 880 880 880 880 880 880 880 880 880 880 880 880 880 880 880 880 880 880 880 880 880 880 880 880 880 880 880 880 880 880 880 880 880 880 880 880 880 880 880 880 880 880 880 880 880 880 880 880 880 880 880 880 880 880 880 880 880 880 880 880 880 880 880 880 880 880 880 
880 880 880 880 880 880 880 880 880 880 880 880 880 880 880 880 880 880 880 880 880 880 880 880 880 880 880 880 880 880 880 880 880 880 880 880 880 880 880 880 880 880 880 880 880 880 880 880 880 880 880 880 880 880 880 880 880 880 880 880 880 880 880 880 880 880 880 880 880 880 880 880 880 880 880 880 880 880 880 880 880 880 880 880 880 880 880 880 880 880 880 880 880 880 880 880 880 880 880 880 
880 880 880 880 880 880 880 880 880 880 880 880 880 880 880 880 880 880 880 880 880 880 880 880 880 880 880 880 880 880 880 880 880 880 880 880 880 880 880 880 880 880 880 880 880 880 880 880 880 880 880 880 880 880 880 880 880 880 880 880 880 880 880 880 880 880 880 880 880 880 880 880 880 880 880 880 880 880 880 880 880 880 880 880 880 880 880 880 880 880 880 880 880 880 880 880 880 880 880 880 
880 880 880 880 880 880 880 880 880 880 880 880 880 880 880 880 880 880 880 880 880 880 880 880 880 880 880 880 880 880 880 880 880 880 880 880 880 880 880 880 880 880 880 880 880 880 880 880 880 880 880 880 880 880 880 880 880 880 880 880 880 880 880 880 880 880 880 880 880 880 880 880 880 880 880 880 880 880 880 880 880 880 880 880 880 880 880 880 880 880 880 880 880 880 880 880 880 880 880 880 
880 880 880 880 880 880 880 880 880 880 880 880 880 880 880 880 880 880 880 880 880 880 880 880 880 880 880 880 880 880 880 880 880 880 880 880 880 880 880 880 880 880 880 880 880 880 880 880 880 880 880 880 880 880 880 880 880 880 880 880 880 880 880 880 880 880 880 880 880 880 880 880 880 880 880 880 880 880 880 880 880 880 880 880 880 880 880 880 880 880 880 880 880 880 880 880 880 880 880 880 
880 880 880 880 880 880 880 880 880 880 880 880 880 880 880 880 880 880 880 880 880 880 880 880 880 880 880 880 880 880 880 880 880 880 880 880 880 880 880 880 880 880 880 880 880 880 880 880 880 880 880 880 880 880 880 880 880 880 880 880 880 880 880 880 880 880 880 880 880 880 880 880 880 880 880 880 880 880 880 880 880 880 880 880 880 880 880 880 880 880 880 880 880 880 880 880 880 880 880 880 
880 880 880 880 880 880 880 880 880 880 880 880 880 880 880 880 880 880 880 880 880 880 880 880 880 880 880 880 880 880 880 880 880 880 880 880 880 880 880 880 880 880 880 880 880 880 880 880 880 880 880 880 880 880 880 880 880 880 880 880 880 880 880 880 880 880 880 880 880 880 880 880 880 880 880 880 880 880 880 880 880 880 880 880 880 880 880 880 880 880 880 880 880 880 880 880 880 880 880 880 
880 880 880 880 880 880 880 880 880 880 880 880 880 880 880 880 880 880 880 880 880 880 880 880 880 880 880 880 880 880 880 880 880 880 880 880 880 880 880 880 880 880 880 880 880 880 880 880 880 880 880 880 880 880 880 880 880 880 880 880 880 880 880 880 880 880 880 880 880 880 880 880 880 880 880 880 880 880 880 880 880 880 880 880 880 880 880 880 880 880 880 880 880 880 880 880 880 880 880 880 
880 880 880 880 880 880 880 880 880 880 880 880 880 880 880 880 880 880 880 880 880 880 880 880 880 880 880 880 880 880 880 880 880 880 880 880 880 880 880 880 880 880 880 880 880 880 880 880 880 880 880 880 880 880 880 880 880 880 880 880 880 880 880 880 880 880 880 880 880 880 880 880 880 880 880 880 880 880 880 880 880 880 880 880 880 880 880 880 880 880 880 880 880 880 880 880 880 880 880 880 
880 880 880 880 880 880 880 880 880 880 880 880 880 880 880 880 880 880 880 880 880 880 880 880 880 880 880 880 880 880 880 880 880 880 880 880 880 880 880 880 880 880 880 880 880 880 880 880 880 880 880 880 880 880 880 880 880 880 880 880 880 880 880 880 880 880 880 880 880 880 880 880 880 880 880 880 880 880 880 880 880 880 880 880 880 880 880 880 880 880 880 880 880 880 880 880 880 880 880 880 
880 880 880 880 880 880 880 880 880 880 880 880 880 880 880 880 880 880 880 880 880 880 880 880 880 880 880 880 880 880 880 880 880 880 880 880 880 880 880 880 880 880 880 880 880 880 880 880 880 880 880 880 880 880 880 880 880 880 880 880 880 880 880 880 880 880 880 880 880 880 880 880 880 880 880 880 880 880 880 880 880 880 880 880 880 880 880 880 880 880 880 880 880 880 880 880 880 880 880 880 
880 880 880 880 880 880 880 880 880 880 880 880 880 880 880 880 880 880 880 880 880 880 880 880 880 880 880 880 880 880 880 880 880 880 880 880 880 880 880 880 880 880 880 880 880 880 880 880 880 880 880 880 880 880 880 880 880 880 880 880 880 880 880 880 880 880 880 880 880 880 880 880 880 880 880 880 880 880 880 880 880 880 880 880 880 880 880 880 880 880 880 880 880 880 880 880 880 880 880 880 
880 880 880 880 880 880 880 880 880 880 880 880 880 880 880 880 880 880 880 880 880 880 880 880 880 880 880 880 880 880 880 880 880 880 880 880 880 880 880 880 880 880 880 880 880 880 880 880 880 880 880 880 880 880 880 880 880 880 880 880 880 880 880 880 880 880 880 880 880 880 880 880 880 880 880 880 880 880 880 880 880 880 880 880 880 880 880 880 880 880 880 880 880 880 880 880 880 880 880 880 
880 880 880 880 880 880 880 880 880 880 880 880 880 880 880 880 880 880 880 880 880 880 880 880 880 880 880 880 880 880 880 880 880 880 880 880 880 880 880 880 880 880 880 880 880 880 880 880 880 880 880 880 880 880 880 880 880 880 880 880 880 880 880 880 880 880 880 880 880 880 880 880 880 880 880 880 880 880 880 880 880 880 880 880 880 880 880 880 880 880 880 880 880 880 880 880 880 880 880 880 
880 880 880 880 880 880 880 880 880 880 880 880 880 880 880 880 880 880 880 880 880 880 880 880 880 880 880 880 880 880 880 880 880 880 880 880 880 880 880 880 880 880 880 880 880 880 880 880 880 880 880 880 880 880 880 880 880 880 880 880 880 880 880 880 880 880 880 880 880 880 880 880 880 880 880 880 880 880 880 880 880 880 880 880 880 880 880 880 880 880 880 880 880 880 880 880 880 880 880 880 
880 880 880 880 880 880 880 880 880 880 880 880 880 880 880 880 880 880 880 880 880 880 880 880 880 880 880 880 880 880 880 880 880 880 880 880 880 880 880 880 880 880 880 880 880 880 880 880 880 880 880 880 880 880 880 880 880 880 880 880 880 880 880 880 880 880 880 880 880 880 880 880 880 880 880 880 880 880 880 880 880 880 880 880 880 880 880 880 880 880 880 880 880 880 880 880 880 880 880 880 
880 880 880 880 880 880 880 880 880 880 880 880 880 880 880 880 880 880 880 880 880 880 880 880 880 880 880 880 880 880 880 880 880 880 880 880 880 880 880 880 880 880 880 880 880 880 880 880 880 880 880 880 880 880 880 880 880 880 880 880 880 880 880 880 880 880 880 880 880 880 880 880 880 880 880 880 880 880 880 880 880 880 880 880 880 880 880 880 880 880 880 880 880 880 880 880 880 880 880 880 
880 880 880 880 880 880 880 880 880 880 880 880 880 880 880 880 880 880 880 880 880 880 880 880 880 880 880 880 880 880 880 880 880 880 880 880 880 880 880 880 880 880 880 880 880 880 880 880 880 880 880 880 880 880 880 880 880 880 880 880 880 880 880 880 880 880 880 880 880 880 880 880 880 880 880 880 880 880 880 880 880 880 880 880 880 880 880 880 880 880 880 880 880 880 880 880 880 880 880 880 
880 880 880 880 880 880 880 880 880 880 880 880 880 880 880 880 880 880 880 880 880 880 880 880 880 880 880 880 880 880 880 880 880 880 880 880 880 880 880 880 880 880 880 880 880 880 880 880 880 880 880 880 880 880 880 880 880 880 880 880 880 880 880 880 880 880 880 880 880 880 880 880 880 880 880 880 880 880 880 880 880 880 880 880 880 880 880 880 880 880 880 880 880 880 880 880 880 880 880 880 
880 880 880 880 880 880 880 880 880 880 880 880 880 880 880 880 880 880 880 880 880 880 880 880 880 880 880 880 880 880 880 880 880 880 880 880 880 880 880 880 880 880 880 880 880 880 880 880 880 880 880 880 880 880 880 880 880 880 880 880 880 880 880 880 880 880 880 880 880 880 880 880 880 880 880 880 880 880 880 880 880 880 880 880 880 880 880 880 880 880 880 880 880 880 880 880 880 880 880 880 
880 880 880 880 880 880 880 880 880 880 880 880 880 880 880 880 880 880 880 880 880 880 880 880 880 880 880 880 880 880 880 880 880 880 880 880 880 880 880 880 880 880 880 880 880 880 880 880 880 880 880 880 880 880 880 880 880 880 880 880 880 880 880 880 880 880 880 880 880 880 880 880 880 880 880 880 880 880 880 880 880 880 880 880 880 880 880 880 880 880 880 880 880 880 880 880 880 880 880 880 
880 880 880 880 880 880 880 880 880 880 880 880 880 880 880 880 880 880 880 880 880 880 880 880 880 880 880 880 880 880 880 880 880 880 880 880 880 880 880 880 880 880 880 880 880 880 880 880 880 880 880 880 880 880 880 880 880 880 880 880 880 880 880 880 880 880 880 880 880 880 880 880 880 880 880 880 880 880 880 880 880 880 880 880 880 880 880 880 880 880 880 880 880 880 880 880 880 880 880 880 
880 880 880 880 880 880 880 880 880 880 880 880 880 880 880 880 880 880 880 880 880 880 880 880 880 880 880 880 880 880 880 880 880 880 880 880 880 880 880 880 880 880 880 880 880 880 880 880 880 880 880 880 880 880 880 880 880 880 880 880 880 880 880 880 880 880 880 880 880 880 880 880 880 880 880 880 880 880 880 880 880 880 880 880 880 880 880 880 880 880 880 880 880 880 880 880 880 880 880 880 
880 880 880 880 880 880 880 880 880 880 880 880 880 880 880 880 880 880 880 880 880 880 880 880 880 880 880 880 880 880 880 880 880 880 880 880 880 880 880 880 880 880 880 880 880 880 880 880 880 880 880 880 880 880 880 880 880 880 880 880 880 880 880 880 880 880 880 880 880 880 880 880 880 880 880 880 880 880 880 880 880 880 880 880 880 880 880 880 880 880 880 880 880 880 880 880 880 880 880 880 
880 880 880 880 880 880 880 880 880 880 880 880 880 880 880 880 880 880 880 880 880 880 880 880 880 880 880 880 880 880 880 880 880 880 880 880 880 880 880 880 880 880 880 880 880 880 880 880 880 880 880 880 880 880 880 880 880 880 880 880 880 880 880 880 880 880 880 880 880 880 880 880 880 880 880 880 880 880 880 880 880 880 880 880 880 880 880 880 880 880 880 880 880 880 880 880 880 880 880 880 
880 880 880 880 880 880 880 880 880 880 880 880 880 880 880 880 880 880 880 880 880 880 880 880 880 880 880 880 880 880 880 880 880 880 880 880 880 880 880 880 880 880 880 880 880 880 880 880 880 880 880 880 880 880 880 880 880 880 880 880 880 880 880 880 880 880 880 880 880 880 880 880 880 880 880 880 880 880 880 880 880 880 880 880 880 880 880 880 880 880 880 880 880 880 880 880 880 880 880 880 
880 880 880 880 880 880 880 880 880 880 880 880 880 880 880 880 880 880 880 880 880 880 880 880 880 880 880 880 880 880 880 880 880 880 880 880 880 880 880 880 880 880 880 880 880 880 880 880 880 880 880 880 880 880 880 880 880 880 880 880 880 880 880 880 880 880 880 880 880 880 880 880 880 880 880 880 880 880 880 880 880 880 880 880 880 880 880 880 880 880 880 880 880 880 880 880 880 880 880 880 
880 880 880 880 880 880 880 880 880 880 880 880 880 880 880 880 880 880 880 880 880 880 880 880 880 880 880 880 880 880 880 880 880 880 880 880 880 880 880 880 880 880 880 880 880 880 880 880 880 880 880 880 880 880 880 880 880 880 880 880 880 880 880 880 880 880 880 880 880 880 880 880 880 880 880 880 880 880 880 880 880 880 880 880 880 880 880 880 880 880 880 880 880 880 880 880 880 880 880 880 
880 880 880 880 880 880 880 880 880 880 880 880 880 880 880 880 880 880 880 880 880 880 880 880 880 880 880 880 880 880 880 880 880 880 880 880 880 880 880 880 880 880 880 880 880 880 880 880 880 880 880 880 880 880 880 880 880 880 880 880 880 880 880 880 880 880 880 880 880 880 880 880 880 880 880 880 880 880 880 880 880 880 880 880 880 880 880 880 880 880 880 880 880 880 880 880 880 880 880 880 
880 880 880 880 880 880 880 880 880 880 880 880 880 880 880 880 880 880 880 880 880 880 880 880 880 880 880 880 880 880 880 880 880 880 880 880 880 880 880 880 880 880 880 880 880 880 880 880 880 880 880 880 880 880 880 880 880 880 880 880 880 880 880 880 880 880 880 880 880 880 880 880 880 880 880 880 880 880 880 880 880 880 880 880 880 880 880 880 880 880 880 880 880 880 880 880 880 880 880 880 
880 880 880 880 880 880 880 880 880 880 880 880 880 880 880 880 880 880 880 880 880 880 880 880 880 880 880 880 880 880 880 880 880 880 880 880 880 880 880 880 880 880 880 880 880 880 880 880 880 880 880 880 880 880 880 880 880 880 880 880 880 880 880 880 880 880 880 880 880 880 880 880 880 880 880 880 880 880 880 880 880 880 880 880 880 880 880 880 880 880 880 880 880 880 880 880 880 880 880 880 
880 880 880 880 880 880 880 880 880 880 880 880 880 880 880 880 880 880 880 880 880 880 880 880 880 880 880 880 880 880 880 880 880 880 880 880 880 880 880 880 880 880 880 880 880 880 880 880 880 880 880 880 880 880 880 880 880 880 880 880 880 880 880 880 880 880 880 880 880 880 880 880 880 880 880 880 880 880 880 880 880 880 880 880 880 880 880 880 880 880 880 880 880 880 880 880 880 880 880 880 
880 880 880 880 880 880 880 880 880 880 880 880 880 880 880 880 880 880 880 880 880 880 880 880 880 880 880 880 880 880 880 880 880 880 880 880 880 880 880 880 880 880 880 880 880 880 880 880 880 880 880 880 880 880 880 880 880 880 880 880 880 880 880 880 880 880 880 880 880 880 880 880 880 880 880 880 880 880 880 880 880 880 880 880 880 880 880 880 880 880 880 880 880 880 880 880 880 880 880 880 
880 880 880 880 880 880 880 880 880 880 880 880 880 880 880 880 880 880 880 880 880 880 880 880 880 880 880 880 880 880 880 880 880 880 880 880 880 880 880 880 880 880 880 880 880 880 880 880 880 880 880 880 880 880 880 880 880 880 880 880 880 880 880 880 880 880 880 880 880 880 880 880 880 880 880 880 880 880 880 880 880 880 880 880 880 880 880 880 880 880 880 880 880 880 880 880 880 880 880 880 
880 880 880 880 880 880 880 880 880 880 880 880 880 880 880 880 880 880 880 880 880 880 880 880 880 880 880 880 880 880 880 880 880 880 880 880 880 880 880 880 880 880 880 880 880 880 880 880 880 880 880 880 880 880 880 880 880 880 880 880 880 880 880 880 880 880 880 880 880 880 880 880 880 880 880 880 880 880 880 880 880 880 880 880 880 880 880 880 880 880 880 880 880 880 880 880 880 880 880 880 
880 880 880 880 880 880 880 880 880 880 880 880 880 880 880 880 880 880 880 880 880 880 880 880 880 880 880 880 880 880 880 880 880 880 880 880 880 880 880 880 880 880 880 880 880 880 880 880 880 880 880 880 880 880 880 880 880 880 880 880 880 880 880 880 880 880 880 880 880 880 880 880 880 880 880 880 880 880 880 880 880 880 880 880 880 880 880 880 880 880 880 880 880 880 880 880 880 880 880 880 
880 880 880 880 880 880 880 880 880 880 880 880 880 880 880 880 880 880 880 880 880 880 880 880 880 880 880 880 880 880 880 880 880 880 880 880 880 880 880 880 880 880 880 880 880 880 880 880 880 880 880 880 880 880 880 880 880 880 880 880 880 880 880 880 880 880 880 880 880 880 880 880 880 880 880 880 880 880 880 880 880 880 880 880 880 880 880 880 880 880 880 880 880 880 880 880 880 880 880 880 
